212157262 -0.995572 2.505369 0.442572
228732031 -0.789927 -0.191740 0.037974
228974324 -0.027526 2.527794 0.086259
228934525 -3.332963 0.676504 0.270812
228809550 -1.922425 2.858016 0.202389
201437844 0.181667 0.466548 0.613216
212069861 -0.194108 -1.500340 0.659452
201386739 -2.863175 2.405731 0.240735
228725791 0.681021 -3.731658 0.246114
212157262 2.387007 -1.419465 0.442572
211713099 -0.012996 3.459250 0.308014
211594205 3.441688 1.325789 0.491415
211491383 -1.480436 0.118716 0.212239
228894622 -3.041879 -1.042768 0.109557
220554210 1.704016 -2.069036 0.199547
228721452 1.675962 1.920404 0.219535
228801451 -3.390003 -1.942305 0.307537
211331236 0.617417 2.725017 0.196775
211770795 -1.720721 -2.176234 0.279237
201437844 -0.851990 -3.906222 0.613216
201110617 0.742465 -0.854343 0.059433
212460519 3.274417 -0.035544 0.262581
228968232 -1.220452 -0.861062 0.231081
228758778 -1.842654 1.195435 0.277502
228798746 0.365322 -2.767556 0.135087
212164470 -3.638684 -0.421162 0.314096
201357643 2.113919 0.885151 0.383619
228739306 0.355258 1.837610 0.279455
212006344 1.980575 3.270395 0.113814
211413752 -1.994572 -3.294427 0.327768
211359660 -2.918734 1.385095 0.211474
212394689 -0.767854 1.196138 0.271903
220376054 -2.273533 -1.084835 0.333441
211924657 -1.496237 -1.449777 0.103685
228725791 1.965902 -0.285953 0.246114
229131722 1.741008 -3.150573 0.508370
220709978 -0.502392 5.392937 0.484290
228849382 1.142701 5.158308 0.369375
228801451 3.158005 -2.404807 0.307537
220383386 5.018816 -0.295994 0.736577
211529065 1.206548 1.303426 0.198906
228735255 -5.241580 1.573914 0.274838
220674823 2.290927 4.322031 0.436353
211525389 2.393314 2.379245 0.318596
212008766 0.144189 -5.176630 0.425653
211919004 -3.991679 2.064463 0.389601
228934525 -2.637390 -0.210789 0.270812
228736155 1.116030 -1.734270 0.165070
212418133 3.423829 3.550708 0.195362
212555594 0.808329 3.453611 0.195829
228849382 12.510958 -3.114479 0.369375
211529065 1.309259 -1.041881 0.198906
228721452 -4.201950 -3.055226 0.219535
212157262 -2.207671 4.661428 0.442572
212357477 5.149364 1.261784 0.269850
211562654 -6.480887 1.238371 0.610805
220621788 -3.188042 -3.554719 0.441482
220629489 -1.229562 -2.840146 0.116297
211816003 -2.273208 -4.344754 0.432254
211916756 -1.281853 3.509453 0.278273
211391664 -5.062265 -2.233397 0.389439
212554013 -2.166085 0.418554 0.164298
212130773 -5.439482 0.123306 0.516504
211736671 -1.221402 -5.026504 0.232576
212394689 -4.381826 -1.260993 0.271903
201092629 4.167426 -3.573316 0.626668
212779596 3.670274 2.522022 0.267052
212157262 -6.321252 2.811148 0.442572
211331236 5.010670 2.765139 0.196775
228804845 2.377566 -2.391548 0.163554
228748826 3.712710 -0.975837 0.183798
220621087 1.117752 -0.107081 0.149377
228734900 -4.286398 3.282844 0.536017
212521166 4.841410 -2.228564 0.410809
212154564 -2.056896 2.144365 0.204029
220383386 -4.389960 -5.056979 0.736577
220481411 -3.678241 4.205520 0.119003
201615463 3.153951 -4.512479 0.343279
211818569 -5.582563 -0.913440 0.210074
201225286 1.763413 -4.881403 0.405328
201132684 -2.848436 3.475670 0.354895
212012119 4.158091 5.218625 0.300019
201166680 5.395274 -5.096413 0.726793
216494238 -1.902149 -6.094449 0.594991
228725972 6.205830 -1.077345 0.354485
229017395 7.252782 -3.160894 0.595928
212012119 0.661668 4.265464 0.300019
201102594 -0.649739 -2.605094 0.197777
201132684 -4.325129 0.722352 0.354895
220674823 5.762708 -3.013434 0.436353
212779596 6.325975 0.499743 0.267052
220522262 2.254560 -5.958720 0.309332
211413752 -6.172006 -2.240698 0.327768
228763938 5.997344 1.816326 0.416461
211562654 5.933914 5.033397 0.610805
201211526 -6.254556 -3.617021 0.567378
212689874 3.343612 -5.863141 0.483197
212782836 2.909524 -3.506903 0.267987
220321605 0.874630 -6.103090 0.313990
212164470 5.678963 3.432758 0.314096
201166680 -6.048905 4.419355 0.726793
228748383 -7.536548 -1.454155 0.460207
228725972 -1.958830 5.844320 0.354485
201598502 -4.640499 4.707841 0.245486
-5 8.468249 1.677286 1.524000
